/robot_local:
  ros__parameters:
    KP_Z: 0.5820000171661377
    KD_Z: 0.27129998803138733
    KI_Z: 0.61339998245239258
    KP_R: 1.7020000219345093
    KD_R: 0.44389998912811279
    KI_R: 0.84969997406005859
    KP_P: 3.1749999523162842
    KD_P: 0.67909997701644897
    KI_P: 0.40720000863075256
    KP_Y: 6.6139998435974121
    KD_Y: 0.33160001039505005
    KI_Y: 0.82990002632141113